817
818
820
821
823
853
885
905
907
1302
1303
1304
1305
1318
1328
1358
1490
1505
1509
1512
1522
1531
1532
1547
1580
1581
1590
1596
1597
1599
1613
1624
1632
1680
1681
1689
1735
1736
28025
28026
28038
28111
28116
28117
28118
28127
29347
29466
33025
33038
33039
33043
33962
35833
39485
39486
39488
39491
39491
39492
39496
39777
39778
40518
40520
40545
41978
46228
46503
46506
47678
47715
47770
53443
61171
74426
84109
84112
88431
89014
89153
100886
105841
106588
109790
142586
147207
154046
165179
168384
169435
187327
187979
204516
208479
214853
214856
216816
239935
246787
261299
291644
291645
292800
301301
301302
310298
328813
328814
329854
333367
338188
342942
357276
358742
358743
360807
387661
410072
418240
446660
454154
460384
471189
487174
487175
544645
574930
592978
626932
649756
871327
871665
1034346
1099853
1235797
1288121
1297617
1432052
1454229
1470347
1470353
1472416
1550024
1632013
1673720
1686296
1720200
1720294
1720313
1796635
1841856
1849041
1852375
1870997
1935934
1955243
1965293
2039241
2040332
2049021
2107999
2585118